DATE:28/9/1997	1997-09-28
DATE:5.6.63	2063-05-06
TIME:15.12 on 04.09.12	2012-09-04T15:12
DATE:6/5/2063	2063-05-06
DURATION:24-29 year	P26.5Y
TIME:01/05/2013 at 15:26	2013-05-01T15:26
TIME:4:00pm on 25.07.13	2013-07-25T16:00
DATE:26/2/2063	2063-02-26
TIME:15:30pm on 18/10/13	2013-10-18T15:30
DATE:5.8.2063	2063-05-08
DATE:13/9/2062	2062-09-13
DATE:5/2/1994	1994-02-05
TIME:09/08/2013 at 09:48	2013-08-09T09:48
DATE:15.10.62	2062-10-15
DATE:25/9/64	2064-09-25
DATE:16.9.64	2064-09-16
DATE:19/11/2063	2063-11-19
DURATION:6years	P6Y
DATE:6.6.64	2064-06-06
DURATION:46 dy	P46D
DATE:27/9/2062	2062-09-27
DATE:10/3/2012	2012-10-03
DATE:12.2.63	2063-02-12
DATE:19/6/64	2064-06-19
DURATION:6 day	P6D
DATE:27.8.62	2062-08-27
DATE:5/7/2004	2004-07-05
DATE:12.5.65	2065-05-12
DATE:1/8/62	2062-08-01
DATE:7.10.64	2064-07-10
DATE:30.9.64	2064-09-30
TIME:25/11/2013 at 08:30	2013-11-25T08:30
DURATION:49 month	P49M
DATE:13/6/64	2064-06-13
DATE:10/4/63	2063-04-10
DATE:10/10/63	2063-10-10
DATE:19/2/2001	2001-02-19
DATE:30/7/2063	2063-07-30
DATE:19/4/2009	2009-04-19
DURATION:10-14 day	P12D
DURATION:49-53 mths	P51M
DATE:7/10/2038	2038-07-10
DATE:17/6/2063	2063-06-17
DATE:20/10/2006	2006-10-20
TIME:27/08/2012 at 09:21	2012-08-27T09:21
DATE:16/4/2011	2011-04-16
DATE:2/12/63	2063-02-12
DURATION:27 yr	P27Y
DATE:23/3/64	2064-03-23
TIME:4:40pm on 27/8/14	2014-08-27T16:40
DATE:26/10/2025	2025-10-26
TIME:07/04/2014 at 17:40	2014-04-07T17:40
DATE:14.5.64	2064-05-14
DATE:11/11/2064	2064-11-11
DATE:15/12/2008	2008-12-15
DATE:22/2/2062	2062-02-22
DATE:18.3.63	2063-03-18
DATE:12.6.64	2064-06-12
DATE:4/8/64	2064-04-08
DATE:13.9.62	2062-09-13
DATE:06-Sep-2012	2062-11-08
TIME:15:40pm on 8.8.12	2012-08-08T15:40
DATE:23/5/64	2064-05-23
DATE:11 0.63	2063-11
DATE:25/12/63	2063-12-25
DURATION:5-7 week	P6W
TIME:at 1635pm on the 09.04.2014	2014-04-09T16:35
DATE:14.6.62	2062-06-14
DURATION:1 month	P1M
TIME:30/03/2015 at 10:40	2015-03-30T10:40
DATE:14/2/63	2063-02-14
DATE:19/2/2007	2007-02-19
DURATION:35 week	P35W
DATE:20.4.63	2063-04-20
TIME:28/04/2014 at 17:37	2014-04-28T17:37
DATE:9/11/64	2064-09-11
DATE:13/1/2064	2064-01-13
DURATION:46 day	P46D
DATE:2.5.2062	2062-02-05
DATE:22/8/2000	2000-08-22
DATE:18.2.2063	2063-02-18
DATE:12/9/2014	2014-09-12
TIME:16:05pm on 10.10.13	2013-10-10T16:05
DATE:10/1/2000	2000-01-10
DATE:2/11/2010	2010-02-11
DURATION:37 dys	P37D
DATE:30/4/63	2063-04-30
DATE:27/12/2062	2062-12-27
DATE:26/4/1988	1988-04-26
DURATION:39-43 wk	P41W
DURATION:46 dys	P46D
DATE:22/3/1995	1995-03-22
DATE:28.10.63	2063-10-28
DATE:6/4/63	2063-06-04
DATE:21/9/2013	2013-09-21
TIME:14:30 on 19/6/13	2013-06-19T14:30
DATE:14.10.64	2064-10-14
DATE:12.4.65	2065-04-12
DATE:18/3/2065	2065-03-18
TIME:29/08/2012 at 14:31	2012-08-29T14:31
DATE:17/6/2000	2000-06-17
TIME:1:35pm on 22.01.14	2014-01-22T13:35
DATE:17/5/63	2063-05-17
TIME:8.15pm on 9/4/13	2013-04-09T20:15
DATE:2.5.62	2062-02-05
DATE:17/11/1992	1992-11-17
TIME:15/05/2014 at 08:33	2014-05-15T08:33
DATE:20.8.64	2064-08-20
TIME:2.26pm on 15.09.2014	2014-09-15T14:26
TIME:1217Hrs on 27.2.14	2014-02-27T12:17
DATE:11/4/2065	2065-04-11
DURATION:ten day	P10D
TIME:04/07/2014 at 08:18	2014-07-04T08:18
DURATION:6-11 days	P8.5D
DATE:11/1/1986	1986-01-11
DATE:4.7.64	2064-04-07
DATE:22/6/2026	2026-06-22
DATE:29/10/2032	2032-10-29
TIME:19/8/14 at 4:30pm	2014-08-19T16:30
SET:nine times => R9
DATE:20/7/2031	2031-07-20
DATE:26/2/2064	2064-02-26
DATE:6/12/63	2063-06-12
DATE:16/5/2003	2003-05-16
DURATION:34 mths	P34M
DURATION:11-13 year	P12Y
DATE:20.2.63	2063-02-20
DATE:5.3.63	2063-05-03
DATE:18.8.64	2064-08-18
DURATION:40/year	P40Y
TIME:05/11/2014 at 08:46	2014-11-05T08:46
DATE:12/5/1993	1993-12-05
DATE:11/12/2062	2062-11-12
DATE:29/5/65	2065-05-29
DURATION:37-38 dy	P37.5D
TIME:23/12/2014 at 14:25	2014-12-23T14:25
DATE:24/1/62	2062-01-24
TIME:4:58pm on 20.8.13	2013-08-20T16:58
DURATION:48-52 weeks	P50W
DATE:1/9/62	2062-01-09
TIME:01/05/2014 at 13:00	2014-05-01T13:00
DURATION:46 days	P46D
DURATION:7 wk	P7W
DATE:6.9.64	2064-06-09
TIME:25/06/2014 at 13:29	2014-06-25T13:29
TIME:19/09/2014 at 11:04	2014-09-19T11:04
DATE:6.10.63	2063-06-10
DURATION:19-22 days	P20.5D
DURATION:37-41 yr	P39Y
DATE:23/1/2062	2062-01-23
DURATION:5 wks	P5W
DATE:17/12/1989	1989-12-17
DATE:12/3/63	2063-12-03
DATE:3/11/1991	1991-11-03
DATE:12/3/2008	2008-12-03
DATE:17.4.63	2063-04-17
DATE:24/4/1997	1997-04-24
DATE:30/1/62	2062-01-30
DATE:10/7/2031	2031-10-07
DURATION:17 years	P17Y
DATE:1/11/1994	1994-01-11
DATE:2/10/2063	2063-10-02
DATE:8/7/1990	1990-08-07
DATE:19/12/2034	2034-12-19
TIME:10/12/2013 at 12:03	2013-12-10T12:03
TIME:28/06/2012 at 14:03	2012-06-28T14:03
DATE:24/6/63	2063-06-24
DATE:28/4/64	2064-04-28
DURATION:6 dys	P6D
DATE:25/3/2001	2001-03-25
DATE:1/1/2063	2063-01-01
DATE:25.7.64	2064-07-25
DATE:11/8/2064	2064-11-08
DATE:28/10/2008	2008-10-28
TIME:16.15pm on 04.06.14	2014-06-04T16:15
TIME:at 14.48 on 1/7/13	2013-07-01T14:48
DATE:29.8.64	2064-08-29
DATE:December 2062	2062-12
DATE:13.4.65	2065-04-13
DURATION:22 years	P22Y
DURATION:21 weeks	P21W
DURATION:27 year	P27Y
DATE:9/7/2032	2032-07-09
DURATION:49 mth	P49M
DATE:20/5/2063	2063-05-20
DATE:17/9/2016	2016-09-17
TIME:26/03/2014 at 13:20	2014-03-26T13:20
DATE:1990	1990
DATE:28.9.62	2062-09-28
DATE:25/3/2004	2004-03-25
TIME:02/05/2013 at 16:15	2013-05-02T16:15
DATE:14/9/2062	2062-09-14
TIME:10.30am on 25.02.13	2013-02-25T10:30
DURATION:17-22 weeks	P19.5W
TIME:19/8/14 at 4:05pm	2014-08-19T16:05
DATE:7.4.63	2063-04-07
DURATION:25 mth	P25M
DATE:13.6.64	2064-06-13
DATE:5/1/2001	2001-05-01
TIME:10/04/2014 at 12:30	2014-04-10T12:30
DATE:9.1.63	2063-09-01
TIME:1:15pm on 20.6.14	2014-06-20T13:15
DATE:26.8.64	2064-08-26
DATE:18/7/2008	2008-07-18
DURATION:17 wk	P17W
DURATION:24-29 years	P26.5Y
TIME:12/07/2012 at 22:14	2012-07-12T22:14
TIME:25/06/2014 at 17:45	2014-06-25T17:45
DURATION:24 years	P24Y
DURATION:44-46 months	P45M
DATE:1/12/63	2063-12-01
DATE:11.10.63	2063-10-11
DATE:17/9/2025	2025-09-17
TIME:1:44 pm on 21/7/14	2014-07-21T13:44
DATE:26/1/64	2064-01-26
DATE:7/6/2063	2063-06-07
DATE:7/7/1985	1985-07-07
DATE:30 December 2064	2064-12-30
SET:six times => R6
DURATION:3 year	P3Y
DATE:17/2/1998	1998-02-17
TIME:11.45am on 5.11.12	2012-11-05T11:45
DATE:17/1/2003	2003-01-17
DATE:6/10/1987	1987-06-10
DURATION:3 day	P3D
DATE:28/12/2003	2003-12-28
DATE:16.8.2063	2063-08-16
TIME:21/03/2013 at 09:45	2013-03-21T09:45
DATE:13.1.64	2064-01-13
DATE:14/10/1995	1995-10-14
TIME:24/07/2014 at 10:23	2014-07-24T10:23
DATE:13.8.2064	2064-08-13
DATE:10/12/2010	2010-10-12
DURATION:49 months	P49M
DATE:27/9/2004	2004-09-27
TIME:08/04/2014 at 10:00	2014-04-08T10:00
DATE:13.5.63	2063-05-13
DATE:3/11/2064	2064-03-11
DATE:5.10.62	2062-10-05
DATE:15.10.63	2063-10-15
DURATION:49-53 months	P51M
DATE:13/9/1973	1973-09-13
DATE:6.1.63	2063-06-01
DATE:30/9/2005	2005-09-30
DATE:25.5.65	2065-05-25
TIME:10/07/2013 at 16:43	2013-07-10T16:43
DATE:21/12/2011	2011-12-21
TIME:03/11/2014 at 12:19	2014-11-03T12:19
DURATION:10 dy	P10D
DATE:12/11/64	2064-11-12
DATE:11/2/1991	1991-11-02
DATE:8.7.63	2063-08-07
DATE:3/11/1990	1990-03-11
TIME:26/11/2012 at 15:25	2012-11-26T15:25
DATE:29/5/2025	2025-05-29
DATE:23.5.64	2064-05-23
DATE:24/10/64	2064-10-24
TIME:17/07/2014 at 10:09	2014-07-17T10:09
DATE:29.5.63	2063-05-29
DATE:23/7/2062	2062-07-23
DURATION:3-7 yrs	P5Y
DATE:13.5.64	2064-05-13
TIME:4:26pm on 16/54/14	2014-04-16
TIME:at 14:45 on 1/5/13	2013-05-01T14:45
DATE:5/3/2063	2063-05-03
DATE:29.9.62	2062-09-29
DATE:29.1.64	2064-01-29
DATE:6.8.63	2063-08-06
DATE:24.9.63	2063-09-24
DATE:28/1/2011	2011-01-28
DATE:10/5/1989	1989-10-05
DATE:18.9.64	2064-09-18
DATE:29/10/2064	2064-10-29
DATE:19.12.63	2063-12-19
DURATION:48-52 wk	P50W
DATE:27.9.64	2064-09-27
DATE:22/8/63	2063-08-22
TIME:at 12.45pm on 17.04.13	2013-04-17T12:45
DURATION:20-25 month	P22.5M
DATE:3/10/2012	2012-10-03
TIME:04/02/2014 at 12:00	2014-02-04T12:00
DURATION:17-22 week	P19.5W
DURATION:35-40 weeks	P37.5W
DATE:2/8/2003	2003-02-08
DATE:25/3/63	2063-03-25
DATE:28.11.2064	2064-11-28
DATE:19.10.62	2062-10-19
DATE:11/10/2009	2009-10-11
SET:twice => R2
DATE:27/12/2063	2063-12-27
DATE:25.2.63	2063-02-25
DATE:27.5.65	2065-05-27
DATE:2/2/2005	2005-02-02
TIME:9am on 19.4.13	2013-04-19T09:00
DATE:8/8/64	2064-08-08
DATE:21/8/2063	2063-08-21
SET:years	RP1D
DATE:7/6/1993	1993-07-06
DATE:6/12/64	2064-06-12
DATE:11/12/63	2063-11-12
DATE:23.10.63	2063-10-23
DURATION:48-52 wks	P50W
DATE:2/6/2064	2064-06-02
DURATION:17 weeks	P17W
DATE:26/8/2064	2064-08-26
DATE:7.5.2063	2063-07-05
DATE:19/4/64	2064-04-19
DATE:24/9/2015	2015-09-24
TIME:09/05/2014 at 14:24	2014-05-09T14:24
DATE:27/8/2009	2009-08-27
TIME:09/07/2012 at 15:42	2012-07-09T15:42
DATE:18.6.2063	2063-06-18
DATE:24/3/2013	2013-03-24
DATE:3.3.63	2063-03-03
DURATION:37 day	P37D
DATE:27/1/63	2063-01-27
DATE:11/10/63	2063-10-11
DATE:15/2/2029	2029-02-15
DURATION:34-39 days	P36.5D
TIME:10:46am on 21.5.2014	2014-05-21T10:46
DATE:22.2.63	2063-02-22
DATE:24.3.65	2065-03-24
DATE:28/3/2024	2024-03-28
DURATION:3-6 dys	P4.5D
DATE:26/6/64	2064-06-26
DATE:10/11/1991	1991-10-11
TIME:12:30pm on 27.5.14	2014-05-27T12:30
DATE:29.8.63	2063-08-29
DATE:26/12/1984	1984-12-26
DATE:2/11/1983	1983-11-02
DATE:5.3.65	2065-05-03
DATE:2029	2029
DATE:18/11/64	2064-11-18
TIME:11.45am on 11/2/13	2013-02-11T11:45
DATE:17/7/2011	2011-07-17
DATE:20/9/2064	2064-09-20
DATE:22/5/63	2063-05-22
DATE:19/11/2064	2064-11-19
DATE:5/9/62	2062-09-05
DATE:5/4/2004	2004-04-05
DATE:18/8/64	2064-08-18
DATE:9.11.64	2064-09-11
DATE:4/7/2025	2025-04-07
DURATION:20 mth	P20M
TIME:08/04/2014 at 15:50	2014-04-08T15:50
DATE:6/4/2010	2010-06-04
TIME:30/08/2012 at 09:20	2012-08-30T09:20
DATE:2.6.2063	2063-06-02
DATE:4/2/64	2064-02-04
DATE:21/6/2002	2002-06-21
TIME:26/03/2013 at 15:07	2013-03-26T15:02
DATE:1.9.64	2064-01-09
DATE:17/1/2062	2062-01-17
DATE:Friday	2064-11-07
DURATION:seven weeks	P7W
DATE:2/4/64	2064-02-04
DATE:15/8/2063	2063-08-15
TIME:11.23pm 3/4/14	2014-04-03T23:23
DATE:1/12/64	2064-12-01
TIME:11.39am on 04.08.14	2014-08-04T11:39
DATE:29/1/64	2064-01-29
TIME:10/12/2012 at 09:00	2012-12-10T09:00
DATE:20/12/2040	2040-12-20
TIME:22/07/2013 at 19:27	2013-07-22T19:27
DURATION:34 days	P34D
DURATION:27-28 years	P27.5Y
DATE:5/3/1998	1998-05-03
DATE:20/6/1989	1989-06-20
DATE:10/5/2012	2012-10-05
TIME:1.10pm on 21.11.12	2012-11-21T13:10
DATE:23.3.2064	2064-03-23
DATE:17/7/2009	2009-07-17
DATE:14/4/1984	1984-04-14
DATE:3/5/64	2064-05-03
TIME:at 3.40pm	15:40
DATE:21.7.64	2064-07-21
DATE:30.4.63	2063-04-30
DURATION:three year	P3Y
DATE:6/1/1990	1990-06-01
DATE:22/5/1988	1988-05-22
TIME:03/07/2012 at 16:11	2012-07-03T16:11
DATE:24/1/1981	1981-01-24
DATE:29/11/63	2063-11-29
DATE:26/9/2063	2063-09-26
TIME:18/07/2013 at 20:58	2013-07-18T20:58
DATE:14/11/2064	2064-11-14
TIME:29/01/2014 at 14:28	2014-01-29T14:28
DATE:53	53
DATE:10/2/1984	1984-10-02
DATE:5.7.63	2063-07-05
DATE:2/8/1982	1982-02-08
DATE:3.1.62	2062-01-03
DATE:23/11/1998	1998-11-23
DATE:28/9/62	2062-09-28
DATE:9/11/1994	1994-11-09
DATE:15/8/1979	1979-08-15
DATE:14.10.63	2063-10-14
DATE:23/1/2064	2064-01-23
DATE:30.10.62	2062-10-30
DATE:8/8/2063	2063-08-08
DATE:27/5/64	2064-05-27
DATE:9/3/2063	2063-09-03
DATE:10/2/2027	2027-02-10
DURATION:34 mth	P34M
DURATION:3 days	P3D
DATE:30/5/2025	2025-05-30
DATE:23/7/64	2064-07-23
DATE:25/10/63	2063-10-25
DATE:9/4/2007	2007-09-04
DATE:23/3/2065	2065-03-23
DATE:23/11/2062	2062-11-23
DATE:5/6/63	2063-05-06
DATE:8.7.64	2064-08-07
DATE:13/4/2065	2065-04-13
DATE:24.10.62	2062-10-24
DATE:21/3/1994	1994-03-21
TIME:11/07/2013 at 14:25	2013-07-11T14:25
DATE:1/12/1999	1999-01-12
DATE:10/5/2029	2029-10-05
DATE:7/9/2016	2016-07-09
DURATION:5 years	P5Y
DATE:16/8/2007	2007-08-16
DURATION:37 yr	P37Y
DATE:15/11/2013	2013-11-15
DATE:6.10.64	2064-06-10
TIME:25/07/2013 at 11:45	2013-07-25T11:45
DURATION:17-20 yr	P18.5Y
DATE:17/10/2007	2007-10-17
TIME:12:05pm on 11.08.14	2014-08-11T12:05
DATE:11/6/64	2064-11-06
DATE:29/5/2063	2063-05-29
TIME:03/12/2013 at 15:00	2013-12-03T15:00
DATE:8.12.64	2064-08-12
TIME:04/03/2013 at 09:24	2013-03-04T09:24
DATE:13/8/63	2063-08-13
DATE:1.8.62	2062-08-01
DURATION:34-38 month	P36M
DATE:2052	2052
DATE:19/5/1998	1998-05-19
TIME:18/03/2013 at 09:17	2013-03-18T09:17
DURATION:11 wk	P11W
DATE:14.11.62	2062-11-14
TIME:03/06/2014 at 15:00	2014-06-03T15:00
DATE:2/9/63	2063-09-02
DATE:21/6/1983	1983-06-21
DURATION:3-6 days	P4.5D
DURATION:25-29 dys	P27D
DATE:2063	2063-14
DATE:6/9/63	2063-09-06
DATE:21/8/62	2062-08-21
DATE:21/12/1982	1982-12-21
DATE:2.6.64	2064-02-06
TIME:12/12/2013 at 12:00	2013-12-12T12:00
DATE:23/1/2004	2004-01-23
DATE:7/1/63	2063-07-01
DATE:9/11/2063	2063-09-11
DURATION:21 wks	P21W
TIME:2:28pm on 16.9.14	2014-09-16T14:28
DURATION:35-40 week	P37.5W
DATE:29/9/62	2062-09-29
DATE:2047	2047
DATE:27.11.64	2064-11-27
TIME:20/05/2013 at 12:01	2013-05-20T12:01
DATE:24/1/2012	2012-01-24
DATE:13/1/2063	2063-01-13
DATE:30/11/2000	2000-11-30
TIME:10/02/2015 at 09:01	2015-02-10T09:01
DATE:20.5.65	2065-05-20
DATE:21/4/2017	2017-04-21
DATE:18.11.64	2064-11-18
DATE:25.8.64	2064-08-25
DATE:13.2.63	2063-02-13
DURATION:21 week	P21W
DATE:10/5/63	2063-05-10
DATE:28.8.64	2064-08-28
DATE:17/11/2064	2064-11-17
DATE:14/8/64	2064-08-14
DATE:8/10/2062	2062-10-08
DATE:18/2/63	2063-02-18
DURATION:3 years	P3Y
TIME:4pm on 05.02.15	2015-02-05T16:00
DATE:14/9/62	2062-09-14
DATE:12/11/1979	1979-12-11
DATE:24.6.64	2064-06-24
DATE:4/7/63	2063-04-07
DATE:7/8/64	2064-07-08
DATE:2/6/2062	2062-02-06
DURATION:2-3 week	P2.5W
DATE:20/11/1992	1992-11-20
TIME:14/03/2013 at 13:02	2013-03-14T13:02
DATE:18/1/1987	1987-01-18
DATE:24/10/2048	2048-10-24
DATE:17/7/2003	2003-07-17
DATE:25/6/63	2063-06-25
DURATION:35 dy	P35D
TIME:05/02/2013 at 09:21	2013-02-05T09:21
DATE:22/8/2064	2064-08-22
DURATION:6-11 dys	P8.5D
DATE:9/4/1983	1983-04-09
DATE:9/2/2009	2009-09-02
TIME:16/06/2012 at 19:48	2012-06-16T19:48
DURATION:20weeks	P20W
DATE:25/6/2017	2017-06-25
TIME:22/03/2013 at 16:43	2013-03-22T16:43
DATE:4/9/64	2064-09-04
DATE:12/12/2062	2062-12-12
TIME:22/07/2014 at 10:16	2014-07-22T10:16
DATE:2060	2060
DURATION:37-41 yrs	P39Y
DATE:28-04-14	2064-06-30
DATE:9.3.63	2063-09-03
TIME:24/09/2012 at 15:50	2012-09-24T15:50
DATE:12/2/2005	2005-12-02
DATE:30/10/2037	2037-10-30
DATE:2/9/64	2064-09-02
DATE:25.11.64	2064-11-25
DATE:20/1/64	2064-01-20
DATE:10/3/62	2062-10-03
TIME:03/12/2014 at 08:49	2014-12-03T06:49
TIME:2.30 on 02.07.14	2014-07-02T02:30
DATE:27/4/2002	2002-04-27
DURATION:39 wk	P39W
TIME:at 5:40pm on 30.4.14	2014-04-30T17:40
DATE:19/6/2013	2013-06-19
DATE:21/5/2063	2063-05-21
DATE:23/12/64	2064-12-23
DATE:30/8/62	2062-08-30
DURATION:27-28 year	P27.5Y
TIME:16:10 on 7.8.13	2013-08-07T16:10
DATE:25/11/64	2064-11-25
DATE:15/12063	2063-01-15
DATE:2061	2061
DURATION:35 wk	P35W
DURATION:31-35 wk	P33W
DATE:28/1/1994	1994-01-28
DURATION:20 month	P20M
DATE:28/2/2030	2030-02-28
DATE:10/3/2062	2062-10-03
DATE:24/2/1990	1990-02-24
TIME:26/06/2014 at 16:36	2014-06-26T16:36
TIME:29/08/2014 at 12:52	2014-08-29T12:52
TIME:21/11/2012 at 09:46	2012-11-21T09:46
DATE:29/4/2001	2001-04-29
TIME:4:20pm on 10.3.14	2014-03-10T16:20
DATE:7/2/62	2062-07-02
DURATION:31-35 weeks	P33W
DURATION:48 wk	P48W
DATE:19/9/64	2064-09-19
DATE:12.3.64	2064-03-12
DATE:2/3/2012	2012-02-03
TIME:110Hrs on 27.2.14	2014-02-27T11:00
DATE:26/2/2031	2031-02-26
DATE:21/1/1987	1987-01-21
DATE:22/7/1980	1980-07-22
DATE:4/3/1998	1998-04-03
DURATION:7-11 wk	P9W
TIME:1605hrs on 14.11.14	2014-11-14T16:05
TIME:22/09/2014 at 16:30	2014-09-22T16:30
DURATION:27 yrs	P27Y
DATE:21/8/64	2064-08-21
DATE:27/6/1992	1992-06-27
DURATION:21-22 week	P21.5W
DATE:9/4/63	2063-09-04
DATE:27/12/1986	1986-12-27
DATE:20/1/1997	1997-01-20
DATE:25/12/2064	2064-12-25
TIME:11/07/2012 at 10:29	2012-07-11T10:29
DURATION:25 dy	P25D
DURATION:19 dys	P19D
DATE:7/2/2005	2005-07-02
DATE:24.1.62	2062-01-24
DATE:23/10/2000	2000-10-23
TIME:20/03/2014 at 14:42	2014-03-20T14:42
TIME:10.05am on 24/7/14	2014-07-24T10:05
DATE:1/7/1988	1988-01-07
DATE:16/6/64	2064-06-16
DURATION:37 days	P37D
DATE:18/9/2015	2015-09-18
DATE:19/2/63	2063-02-19
TIME:20/05/2014 at 16:30	2014-05-20T16:30
DURATION:11 wks	P11W
TIME:9:55am on 14.4.14	2014-04-14T09:55
DATE:22/8/2062	2062-08-22
DATE:7/9/64	2064-07-09
DURATION:35-40 wks	P37.5W
DATE:14/5/63	2063-05-14
DURATION:25-30 mths	P27.5M
DURATION:44 month	P44M
DATE:11/2/1988	1988-02-11
TIME:10.40am on 23.9.14	2014-09-23
TIME:14:45 on 2/11/14	2014-11-02T14:45
DURATION:3-7 yr	P5Y
DATE:7/3/2063	2063-07-03
DATE:23.8.62	2062-08-23
DATE:30.5.63	2063-05-30
DATE:13.4.64	2064-04-13
DATE:12/5/2063	2063-12-05
DATE:8/3/2012	2012-08-03
TIME:08/02/2013 at 12:01	2013-02-08T12:01
DATE:24/2/1998	1998-02-24
DATE:24/5/2000	2000-05-24
DATE:13/6/2064	2064-06-13
DURATION:35-37 dys	P36D
DURATION:11-13 yr	P12Y
DATE:28/8/2023	2023-08-28
DATE:12/7/63	2063-07-12
TIME:04/04/2014 at 10:17	2014-04-04T10:17
TIME:23/04/2014 at 19:52	2014-04-23T19:52
TIME:04/02/2013 at 14:26	2013-02-04T14:26
DATE:9/2/1991	1991-09-02
DATE:18/9/1998	1998-09-18
TIME:06/04/2014 at 19:01	2014-04-06T19:01
TIME:10/05/2013 at 13:57	2013-05-10T13:57
DATE:30/7/2064	2064-07-30
DATE:14/4/2063	2063-04-14
TIME:30.08.13 at 16:30	2013-08-30T16:30
TIME:30/07/2014 at 14:06	2014-07-30T14:06
TIME:23/10/2014 at 09:29	2014-10-23T09:29
DATE:15/2/2015	2015-02-15
DATE:30/1/64	2064-01-30
DATE:18/7/2025	2025-07-18
DATE:18.6.63	2063-06-18
DATE:16/6/2002	2002-06-16
DATE:26/12/63	2063-12-26
DATE:1/4/2014	2014-04-01
DATE:24/10/63	2063-10-24
DURATION:27 years	P27Y
DATE:9/4/1998	1998-09-04
DATE:1/9/63	2063-01-09
DATE:8/7/2019	2019-07-08
DATE:20/5/2007	2007-05-20
TIME:09/04/2013 at 18:32	2013-04-09T18:32
DURATION:7 weeks	P7W
DURATION:49 mths	P49M
DATE:4/11/64	2064-11-04
DATE:21-5-14	2064-07-23
DATE:5/8/2063	2063-05-08
DATE:4/10/2018	2018-04-10
DATE:02-Dec-2011	2061-02-04
DATE:183/4/2064	2064-04-183
TIME:5:40pm on 30.4.14	2014-04-30T17:40
DATE:30/5/1997	1997-05-30
DATE:12/12/2028	2028-12-12
DATE:12/8/1999	1999-08-12
DATE:17.10.2062	2062-10-17
DATE:18/4/2011	2011-04-18
DATE:11.9.62	2062-11-09
DATE:9/9/2064	2064-09-09
TIME:3.55pm on 10.04.13	2013-04-10T15:55
TIME:04/08/2014 at 10:08	2014-08-04T10:08
DATE:19.1.64	2064-01-19
DATE:12/6/64	2064-06-12
DATE:9/1/2064	2064-09-01
DATE:26/1/2004	2004-01-26
DURATION:17 yr	P17Y
DURATION:five week	P5W
TIME:12.23pm on 25.06.14	2014-06-25T12:23
DATE:27/3/2063	2063-03-27
DATE:21.9.62	2062-09-21
DATE:21/10/2064	2064-10-21
TIME:03/06/2014 at 11:46	2014-06-03T11:46
DATE:23/12/2064	2064-12-23
DATE:18.6.64	2064-06-18
DATE:3.10.62	2062-10-03
DATE:6.6.63	2063-06-06
DATE:7/7/2005	2005-07-07
DATE:17/6/1988	1988-06-17
TIME:18/06/2012 at 12:06	2012-06-18T12:06
DATE:14.7.64	2064-07-14
TIME:27/08/2013 at17:15	2013-08-27T17:15
DATE:14/6/2013	2013-06-14
DATE:/9/64	2064-09
DATE:1/6/2064	2064-06-01
DATE:28/10/2064	2064-10-28
DATE:27/2/1988	1988-02-27
DATE:24/4/2063	2063-04-24
DATE:25/8/2014	2014-08-25
DATE:3/11/2016	2016-03-11
DATE:15/8/63	2063-08-15
DATE:15/1/2019	2019-01-15
DURATION:35 days	P35D
DATE:19/2/64	2064-02-19
DATE:21.8.64	2064-08-21
DATE:18/8/2064	2064-08-18
DATE:13/10/2032	2032-10-13
DATE:28/6/1988	1988-06-28
DATE:29.4.64	2064-04-29
DATE:20/10/1975	1975-10-20
DATE:26/9/64	2064-09-26
DURATION:11 week	P11W
DATE:09-12-13	2063-02-11
DATE:21.2.63	2063-02-21
TIME:06/06/2013 at 16:49	2013-06-06T16:49
DATE:30/7/1983	1983-07-30
TIME:4.22pm on 05.08.13	2013-08-05T16:22
DATE:4.9.63	2063-09-04
DATE:21/8/2062	2062-08-21
DATE:12/9/64	2064-09-12
TIME:17/01/2013 at 12:43	2013-01-17T12:43
DATE:6/10/2013	2013-06-10
DATE:7/8/2064	2064-07-08
DATE:15/10/2064	2064-10-15
DURATION:50 year	P50Y
DATE:25/5/2065	2065-05-25
TIME:19/08/2014 at 18:00	2014-08-19T18:00
DATE:30/5/2063	2063-05-30
DURATION:10 days	P10D
DURATION:25 days	P25D
DATE:17/7/1997	1997-07-17
TIME:27/11/2012 at 15:51	2012-11-27T15:51
DURATION:19-22 day	P20.5D
DATE:12/3/2020	2020-03-12
DATE:14.4.63	2063-04-14
TIME:03/04/2014 at 11:26	2014-04-03T11:26
DATE:21/10/2001	2001-10-21
DATE:20/11/2021	2021-11-20
DURATION:31-35 wks	P33W
TIME:02/07/2014 at 12:55	2014-07-02T12:55
DATE:3.9.2062	2062-09-03
TIME:07/01/2014 at 19:57	2014-01-07T19:57
DATE:5/5/2065	2065-05-05
TIME:26/07/2012 at 11:59	2012-07-26T11:59
TIME:11/02/2013 at 09:42	2013-02-11T09:42
TIME:07/06/2013at 10:16	2013-06-07T10:16
DURATION:5-7 wk	P6W
DATE:14/6/63	2063-06-14
DATE:5/11/1999	1999-11-05
TIME:16/09/2013 at 18:26	2013-09-16T18:26
TIME:27/08/2012 at 11:34	2012-08-27T11:34
DATE:9/5/63	2063-09-05
DATE:2/12/2063	2063-12-02
DATE:28/5/63	2063-05-28
DATE:2/11/2063	2063-02-11
TIME:17/04/2013 at 08:55	2013-04-17T08:55
DATE:5/10/1999	1999-05-10
DATE:2/6/2063	2063-06-02
DATE:Wednesday	2063-11-27
DURATION:30-34 months	P32M
DATE:27/7/62	2062-07-27
DATE:7/8/1997	1997-08-07
DATE:26.9.63	2063-09-26
DATE:19/7/1984	1984-07-19
DURATION:2 months	P2M
TIME:4.45 on 23.9.14	2014-09-23T16:45
DATE:4/3/2063	2063-03-04
DATE:4.10.63	2063-04-10
DATE:11.6.64	2064-11-06
DATE:2056	2056
DATE:23.8.63	2063-08-23
DATE:24th of March 2064	2064-03-24
DATE:9.6.64	2064-06-09
DATE:17/6/1982	1982-06-17
DATE:5/3/64	2064-05-03
DATE:12/8/2064	2064-08-12
DATE:4/7/2063	2063-07-04
DATE:27/5/2063	2063-05-27
DATE:10/3/2064	2064-10-03
TIME:2.15pm on 25.06.14	2014-06-25T14:15
DATE:23/4/1994	1994-04-23
TIME:07/03/2013 at 16:20	2013-03-07T16:20
DURATION:22 year	P22Y
TIME:04/04/2013 at 15:02	2013-04-04T15:02
DATE:21.5.64	2064-05-21
DURATION:32-36 week	P34W
DATE:28/8/2063	2063-08-28
DATE:13/2/2064	2064-02-13
TIME:14/01/2013 at 09:03	2013-01-14T09:03
DATE:30/5/64	2064-05-30
DATE:22/10/64	2064-10-22
DATE:13/12/1991	1991-12-13
DURATION:6 days	P6D
TIME:5pm on 16.5.13	2013-05-16T17:00
DATE:2062	2062
DATE:22/7/64	2064-07-22
DATE:7/4/2065	2065-04-07
SET:three times => R3
DATE:13.9.63	2063-09-13
DATE:9/2/63	2063-09-02
DATE:11.7.62	2062-11-07
DURATION:19-22 dys	P20.5D
TIME:04/11/2014 at 08:45	2014-11-04T08:45
DATE:13/5/63	2063-05-13
DATE:5/4/1989	1989-04-05
DATE:9.1.64	2064-01-09
DATE:28.9.63	2063-09-28
DATE:1.6.64	2064-06-01
TIME:16/12/2013 at 17:05	2013-12-16T17:05
DATE:12/12/1987	1987-12-12
DATE:2.5.2064	2064-02-05
DATE:10.11.62	2062-10-11
DATE:19.7.63	2063-07-19
TIME:13/09/2012 at 12:25	2012-09-13T12:25
DATE:16.3.65	2065-03-16
TIME:19/12/2013 at 18:00	2013-12-19T18:00
DATE:19.11.63	2063-11-19
DATE:3/9/64	2064-09-03
DURATION:17 week	P17W
TIME:31/10/2012 at 10:05	2012-10-31T10:05
TIME:21/02/2013 at 15:46	2013-02-21T15:46
TIME:11/07/2012 at 09:10	2012-07-11T09:10
DATE:now	2065-07-30
DATE:5/12/64	2064-12-05
DATE:3.7.62	2062-07-03
TIME:27/05/2013 at 08:58	2013-05-27T08:58
DATE:3/2/2063	2063-03-02
DURATION:39-43 weeks	P41W
DATE:24.5.63	2063-05-24
DATE:21/9/2002	2002-09-21
DURATION:10 day	P10D
DATE:6.11.63	2063-06-11
DATE:27/10/2032	2032-10-27
DATE:8/4/63	2063-04-08
DATE:4/8/65	2065-04-08
TIME:27/11/2014 at 10:22	2014-11-27T10:22
TIME:18/03/2013 at 09:13	2013-03-18T09:13
TIME:11/02/2014 at 08:09	2014-02-11T08:09
TIME:at 5.45pm 20/8/13	2013-08-20T17:45
DATE:8.5.64	2064-08-05
DURATION:48 weeks	P48W
DURATION:30 months	P30M
DATE:7.3.63	2063-07-03
DATE:24/2/1994	1994-02-24
DURATION:21-22 weeks	P21.5W
DURATION:11-13 yrs	P12Y
DURATION:27-28 yr	P27.5Y
DATE:29/6/2018	2018-06-29
DATE:7/12/62	2062-12-07
TIME:at 4.38 on 29.07.13	2013-07-29T04:38
DATE:8/9/63	2063-08-09
SET:once => R1
DATE:3/3/63	2063-03-03
DATE:18/12/2064	2064-12-18
TIME:10.20am	T10:20
DATE:19.6.63	2063-06-19
DURATION:seven week	P7W
DATE:14/8/1988	1988-08-14
DATE:20/8/2064	2064-08-20
DURATION:17 wks	P17W
DATE:11/12/64	2064-11-12
DATE:3/10/63	2063-03-10
TIME:22/05/2014 at 14:56	2014-05-22T14:56
DATE:27/6/1988	1988-06-27
TIME:01/08/2012 at 19:33	2012-08-01T19:33
TIME:06.08.13 at 6.00pm	2013-08-06T18:00
TIME:4:10pm on 10.3.14	2014-03-10T16:10
TIME:1635hr on 21/5/12	2012-05-21T16:35
TIME:30/08/2012 at 09:19	2012-08-30T09:19
DATE:20/8/62	2062-08-20
DATE:9/8/63	2063-08-09
DATE:12.10.62	2062-10-12
DATE:19/9/2064	2064-09-19
DATE:24/6/2015	2015-06-24
DATE:25/6/1995	1995-06-25
DATE:16.10.64	2064-10-16
DATE:6/11/2064	2064-06-11
DURATION:25 mths	P25M
DATE:11/9/2002	2002-11-09
TIME:10am on 20.9.12	2012-09-20T10:00
DATE:7.12.63	2063-07-12
TIME:10am on 15.01.13	2013-01-15T10:00
DATE:4/5/64	2064-04-05
TIME:at 1:25pm on 20.6.12	201-06-20T13:25
TIME:29/05/2013 at 16:13	2013-05-29T16:13
SET:eight times => R8
DATE:11/8/2063	2063-11-08
DATE:21/10/64	2064-10-21
DATE:30.7.63	2063-07-30
DATE:20/2/2063	2063-02-20
DATE:26.8.63	2063-08-26
DATE:13.9.64	2064-09-13
DATE:24/5/63	2063-05-24
DATE:8/61	2061-08
TIME:2.15 pm on 9.2.15	2015-02-09T14:15
DATE:18.2.63	2063-02-18
TIME:05/07/2013 at 15:35	2013-07-05T15:35
DURATION:11-13 week	P12W
DATE:14.4.65	2065-04-14
DURATION:44-46 month	P45M
TIME:10/07/2013 at 14:38	2013-07-10T14:38
DATE:17/9/64	2064-09-17
DATE:21/11/2064	2064-11-21
TIME:28/05/2012 at 08:12	2012-05-28T08:12
DATE:23/9/2064	2064-09-23
DATE:4/5/1989	1989-04-05
DATE:23.7.63	2063-07-23
DATE:15/1/2063	2063-01-15
TIME:27.05.14 at 12:10pm	2014-05-27T12:10
DATE:6/12/2063	2063-06-12
DATE:13/4/2063	2063-04-13
DATE:27/10/64	2064-10-27
DATE:9/8/2036	2036-09-08
TIME:12.12hrs on 24/7/14	2014-07-24T12:12
DATE:16.2.62	2062-02-16
TIME:17:00 on 27/8/14	2014-08-27T17:00
TIME:15/10/2012 at 15:52	2012-10-15T15:52
DATE:30.1.63	2063-01-30
DURATION:11 yrs	P11Y
DATE:17/1/2015	2015-01-17
DATE:6/2/63	2063-02-06
DATE:20.6.63	2063-06-20
DATE:7/2/63	2063-07-02
DATE:17.6.64	2064-06-17
TIME:at 15:10 on 1/5/13	2013-05-01T15:10
TIME:28/08/2013 at 15:25	2013-08-28T15:25
TIME:17/06/2014 at 13:00	2014-06-17T13:00
DURATION:37 yrs	P37Y
TIME:15/07/2014 at 15:30	2014-07-15T15:30
TIME:11/03/2013 at 10:59	2013-03-11T10:59
DATE:5/1/64	2064-01-05
DURATION:22-23 yrs	P22.5Y
DATE:28.4.63	2063-04-28
DATE:25/7/1995	1995-07-25
DATE:1/10/1998	1998-01-10
DATE:8/4/64	2064-08-04
DATE:12.7.63	2063-07-12
DURATION:17-20 year	P18.5Y
TIME:16:50pm on 17th of September 2013	2013-09-17T16:50
DATE:15.4.64	2064-04-15
DATE:26/2/2062	2062-02-26
TIME:08/04/2013 at 15:07	2013-04-08T15:07
DATE:25.1.64	2064-01-25
TIME:12/02/2013 at 09:04	2013-02-12T09:04
DATE:30/6/2064	2064-06-30
DATE:30/1/2004	2004-01-30
DATE:25.9.62	2062-09-25
DATE:30.7.2063	2063-07-30
DURATION:35 weeks	P35W
DATE:9/3/2036	2036-09-03
DURATION:10 dys	P10D
DURATION:3 dys	P3D
TIME:13/10/2014 at 10:18	2014-10-13T10:18
DATE:1/5/2003	2003-05-01
DATE:4/10/62	2062-10-04
TIME:21/08/2014 at 16:42	2014-08-21T16:42
DATE:16/1/2022	2022-01-16
DATE:6/9/2064	2064-06-09
DATE:3.12.64	2064-12-03
DATE:27/11/63	2063-11-27
TIME:14/08/2014 at 18:45	2014-08-14T1*;45
DATE:27/8/64	2064-08-27
DURATION:35 day	P35D
DATE:17/10/2002	2002-10-17
DATE:24/9/2063	2063-09-24
DATE:29.10.64	2064-10-29
DATE:19/3/63	2063-03-19
TIME:18/06/2014 at 16:34	2014-06-18T16:34
DURATION:25 day	P25D
DURATION:ten days	P10D
DATE:3/12/62	2062-12-03
DURATION:5 wk	P5W
DATE:28/8/2003	2003-08-28
DATE:9/2/2064	2064-09-02
TIME:9:29am 15.10.13	2013-10-15T09:29
TIME:11:19am on 19/5/14	2014-05-19T11:19
TIME:23/10/2014 at 15:59	2014-10-23T15:59
SET:five times => R5
DATE:21.4.65	2065-04-21
DATE:17.5.63	2063-05-17
TIME:05/12/2013 at 13:17	2013-12-05T13:17
DATE:14/8/2064	2064-08-14
TIME:08/07/2014 at 10:45	2014-07-08T10:45
DATE:29/11/2007	2007-11-29
DATE:1.10.62	2062-10-01
DATE:28/1/2063	2063-01-28
TIME:2.00pm on 5/3/13	2013-03-05T14:00
TIME:27/06/2013 at 16:09	2013-06-27T16:09
DATE:29/7/2064	2064-07-29
TIME:10/06/2012 at 06:48	2012-06-10T06:48
DATE:16/6/2064	2064-06-16
TIME:16/06/2014 at 16:25	2014-06-16T16:25
TIME:10:15am on 19.8.14	2014-08-19T10:15
DATE:22/11/2002	2002-11-22
DATE:11.6.63	2063-06-11
DATE:8/8/1997	1997-08-08
TIME:2.46pm on 15.09.2014	2014-09-15T14:46
DATE:28/12/62	2062-12-28
DATE:13/11/2012	2012-11-13
DURATION:34 months	P34M
DURATION:19-24 yr	P21.5Y
DATE:1.10.64	2064-10-01
DATE:22/1/2064	2064-01-22
DATE:22/10/2063	2063-10-22
DATE:14.8.64	2064-08-14
DATE:18/4/2001	2001-04-18
DATE:3.4.63	2063-03-04
DATE:07-Aug-13	2063-10-09
DATE:29/4/2016	2016-04-29
DATE:5/7/64	2064-05-07
DATE:24/10/2008	2008-10-24
DATE:30/12/2023	2023-12-30
DATE:22/11/2062	2062-11-22
DATE:7.11.63	2063-11-07
DATE:27.8.2062	2062-08-27
DATE:10.1.63	2063-10-01
DATE:25/2/63	2063-02-25
TIME:09/07/2012 at 09:14	2012-07-09T09:14
DATE:3/3/64	2064-03-03
DATE:2.4.63	2063-02-04
DATE:5/6/1993	1993-05-06
TIME:16/07/2012 at 08:21	2012-07-16T08:21
DURATION:two weeks	P2W
DURATION:22-23 year	P22.5Y
DURATION:17 year	P17Y
TIME:29/07/2013 at 15:53	2013-07-29T15:53
DATE:5/9/63	2063-09-05
DATE:16/1/2063	2063-01-16
DURATION:10-14 days	P12D
TIME:11/08/2014 at 09:23	2014-08-11T09:23
DURATION:25-29 days	P27D
DATE:22/4/2063	2063-04-22
DATE:13/8/64	2064-08-13
DATE:30/5/2064	2064-05-30
DURATION:32 wk	P32W
DATE:13/9/2064	2064-09-13
DATE:29/10/64	2064-10-29
DATE:24/1/2014	2014-01-24
DATE:23.12.63	2063-12-23
TIME:5.6.14 at 10.40am	2014-06-05T10:40
DATE:25/7/1984	1984-07-25
DATE:8/1/2064	2064-01-08
DATE:20.11.63	2063-11-20
DATE:22/8/62	2062-08-22
DATE:16.12.64	2064-12-16
TIME:17:25 on 27/8/14	2014-08-27T17:25
DATE:22/10/63	2063-10-22
DATE:13.10.64	2064-10-13
DATE:6.2.64	2064-02-06
DATE:19/8/64	2064-08-19
TIME:10:30am on 3.12.14	2014-12-03T10:30
TIME:25/07/2012 at 19:49	2012-07-25T19:49
TIME:30/11/2012 at 11:33	2012-11-30T11:33
TIME:14:30 on 9.3.15	2015-03-09T14:30
DATE:13.11.62	2062-11-13
DATE:26/9/2064	2064-09-26
DATE:25.9.64	2064-09-25
DATE:6/9/64	2064-06-09
DATE:20.9.64	2064-09-20
DATE:26.11.64	2064-11-26
DATE:3/9/2007	2007-09-03
DATE:17/7/1990	1990-07-17
DATE:27/4/1985	1985-04-27
DATE:3.1.64	2064-03-01
TIME:08/05/2013 at 22:31	2013-05-08T22:31
DATE:30/6/64	2064-06-30
DURATION:31 week	P31W
DURATION:11-13 weeks	P12W
DATE:19/4/2002	2002-04-19
DATE:26/2/63	2063-02-26
DATE:26.9.64	2064-09-26
SET:four times => R4
TIME:20/08/2014 at 14:42	2014-08-20T14:42
DATE:6/6/63	2063-06-06
DATE:29/1/2063	2063-01-29
TIME:16/05/2013 at 08:59	2013-05-16T08:59
DATE:24/11/64	2064-11-24
TIME:16/05/2014 at 14:45	2014-05-16T14:45
DATE:20.4.64	2064-04-20
DATE:7/9/63	2063-07-09
TIME:14.00 on 6/6/13	2013-06-06T14:00
DURATION:19 year	P19Y
DATE:19.8.64	2064-08-19
DATE:24/3/1980	1980-03-24
DATE:5/12/2065	2065-05-12
DATE:9/8/2005	2005-09-08
TIME:15/10/2013 at 12:49	2013-10-15T12:49
DATE:29.10.62	2062-10-29
DATE:11/7/2063	2063-11-07
DATE:18/7/1990	1990-07-18
TIME:15/07/2014 at 11:31	2014-07-15T11:31
DATE:5/2/2039	2039-05-02
DURATION:17-20 years	P18.5Y
DATE:16/7/2033	2033-07-16
DATE:1/5/2064	2064-01-05
DATE:7/8/63	2063-07-08
DATE:July 2062	2062-07
DURATION:34-39 dys	P36.5D
DATE:12/2/1994	1994-12-02
TIME:17.20 on 6.3.2013	2013-03-06T17:20
TIME:08/08/2013 at 18:16	2013-08-08T18:16
DATE:25/7/2064	2064-07-25
DATE:24/12/64	2064-12-24
DATE:28/8/2008	2008-08-28
DURATION:17-20 yrs	P18.5Y
TIME:04/07/2012 at 13:47	2012-07-04T13:47
DURATION:24-29 yrs	P26.5Y
DATE:27/3/1998	1998-03-27
DATE:12/5/2018	2018-12-05
DATE:22/6/1998	1998-06-22
DATE:15.2.62	2062-02-15
DURATION:32-36 wks	P34W
DATE:28/4/63	2063-04-28
DATE:24/1/2002	2002-01-24
DATE:27/11/64	2064-11-27
DATE:11/5/2065	2065-05-11
DATE:10/10/62	2062-10-10
TIME:9:35am on 28.5.12	2012-05-28T09:35
TIME:09/08/2012 at 09:03	2012-08-09T09:03
TIME:18/02/2015 at 20:10	2015-02-18T20:10
DATE:23/4/1989	1989-04-23
DATE:5.1.64	2064-01-05
DATE:18.12.63	2063-12-18
DATE:1/9/1994	1994-01-09
DATE:3/10/2007	2007-10-03
DATE:6.2.63	2063-06-02
DATE:21/5/63	2063-05-21
DATE:2/7/62	2062-02-07
TIME:05/02/2015 at 10:12	2015-02-05T10:12
DURATION:17-22 wk	P19.5W
TIME:4.10pm on 09.07.13	2013-07-09T16:10
DATE:24/4/2004	2004-04-24
DATE:24/8/2003	2003-08-24
DATE:23/1/63	2063-01-23
DURATION:21-22 wks	P21.5W
DATE:20.5.63	2063-05-20
DURATION:one month	P1M
DURATION:19 dy	P19D
DURATION:3 yrs	P3Y
DURATION:44 mth	P44M
DURATION:6 dy	P6D
DATE:19/6/63	2063-06-19
DATE:1/6/2029	2029-06-01
DATE:24/2/2024	2024-02-24
DATE:15.8.63	2063-08-15
DATE:5.2.65	2065-05-02
DATE:9/1/2027	2027-01-09
DATE:13/8/2063	2063-08-13
DATE:2/10/2062	2062-10-02
DATE:3/2/63	2063-03-02
DATE:3/7/2007	2007-07-03
DURATION:10-14 dys	P12D
DATE:23/12/2063	2063-12-23
DURATION:20 mths	P20M
DATE:6/2/1989	1989-02-06
DURATION:25-30 month	P27.5M
DATE:29/12/1992	1992-12-29
TIME:30/04/2013 at 09:27	2013-04-30T09:27
DURATION:44 months	P44M
DATE:7/3/2003	2003-07-03
DATE:30/4/2039	2039-04-30
TIME:21/03/2014 at 08:19	2014-03-21T08:19
DURATION:32-36 wk	P34W
DATE:22/2/62	2062-02-22
DURATION:19 yrs	P19Y
DATE:22 April 2063	2063-04-22
DATE:9/11/62	2062-09-11
DATE:21/4/63	2063-04-21
TIME:29/05/2014 at 13:45	2014-05-29T13:45
DATE:19.11.64	2064-11-19
TIME:08/03/2013 at 15:54	2013-03-08T15:54
DATE:19/11/64	2064-11-19
DATE:17/9/2063	2063-09-17
TIME:21/03/2013 at 15:46	2013-03-21T15:46
DATE:6.11.62	2062-11-06
DURATION:30-34 mths	P32M
DATE:21/1/1993	1993-01-21
TIME:02/09/2014 at 11:42	2014-09-02T11:42
DATE:8.8.62	2062-08-08
DATE:9/10/2063	2063-09-10
DATE:14/11/64	2064-11-14
DATE:13/2/1992	1992-02-13
DATE:26/8/1994	1994-08-26
DURATION:6-11 dy	P8.5D
DATE:24.4.63	2063-04-24
DATE:2055	2055
DATE:24/7/64	2064-07-24
DURATION:22 yr	P22Y
DATE:11/9/2063	2063-09-11
DURATION:37-38 days	P37.5D
DATE:17/4/1993	1993-04-17
DATE:25.3.64	2064-03-25
DATE:23/7/2064	2064-07-23
DURATION:30 mths	P30M
TIME:13:50pm, 25th of September 2013	2013-09-25T13:50
DATE:22/6/1989	1989-06-22
TIME:04/04/2014 at 14:12	2014-04-04T14:12
DURATION:five weeks	P5W
DATE:8/9/2036	2036-09-08
DATE:9.2.63	2063-09-02
TIME:10.14am on 17/4/13	2013-04-17T10:14
TIME:12/06/2014 at 08:47	2014-06-12T08:47
DATE:18/2/2063	2063-02-18
DATE:21/11/1992	1992-11-21
DURATION:3 yr	P3Y
DURATION:19 years	P19Y
TIME:14/07/2014 at 08:07	2014-07-14T08:07
DURATION:48 week	P48W
DATE:22/7/2063	2063-07-22
DATE:22/11/1994	1994-11-22
TIME:03/06/2014 at 16:59	2014-06-03T16:59
DATE:24/8/1990	1990-08-24
DATE:8/4/1984	1984-04-08
DATE:18/4/2065	2065-04-18
DATE:18.7.63	2063-07-18
DATE:9.5.63	2063-05-09
TIME:25/06/2014 at 12:36	2014-06-25T12:36
TIME:19/06/2014 at 09:53	2014-06-19T09:53
DATE:5/10/1997	1997-05-10
TIME:09/09/2014 at 13:30	2014-09-09T13:30
DATE:22.8.64	2064-08-22
DURATION:20 years	P20Y
TIME:10.45am on 31.10.2012	2012-10-31T10:45
TIME:15:20pm on 12/8/14	2014-08-12T15:20
DATE:29/5/2064	2064-05-29
DATE:31-01-14	2064-03-03
DATE:20/7/2010	2010-07-20
DATE:17.3.63	2063-03-17
DATE:30/12/2064	2064-12-30
DATE:21/1/2064	2064-01-21
DATE:10/9/2063	2063-10-09
DATE:26/5/64	2064-05-26
TIME:25/07/2013 at 13:58	2013-07-25T13:58
TIME:10:15am on 4/4/14	2014-04-04T10:15
DATE:10/11/63	2063-10-11
DATE:7/3/2008	2008-07-03
DATE:18/12/2063	2063-12-18
DATE:6/8/1999	1999-08-06
DATE:26.12.64	2064-12-26
DATE:2/12/2005	2005-12-02
DATE:25/8/64	2064-08-25
DATE:6/11/2063	2063-11-06
TIME:18/02/2013 at 09:16	2013-02-18T09:16
DATE:30/11/1992	1992-11-30
DATE:3/9/2064	2064-09-03
DATE:5/4/1999	1999-04-05
DATE:29/12/64	2064-12-29
TIME:15/01/2013 at 23:59	2013-01-15T23:59
DATE:11/2/2064	2064-02-11
DATE:25/1/2026	2026-01-25
TIME:20/03/2015 at 18:07	2015-03-20T18:07
TIME:12/06/2013 at 15:24	2013-06-12T15:24
DATE:2/7/2062	2062-07-02
DATE:27.9.63	2063-09-27
TIME:23/01/2013 at 16:39	2013-01-23T16:39
TIME:07/08/2014 at 12:00	2014-08-07T12:00
DURATION:17-22 wks	P19.5W
TIME:02/11/2014 at 12:32	2014-11-02T12:32
DATE:24/5/2009	2009-05-24
DATE:9/4/64	2064-09-04
DATE:9.10.63	2063-10-09
DATE:20.2.2062	2062-02-20
DATE:9/1/2004	2004-09-01
TIME:20/11/2014 at 12:09	2014-11-20T12:09
DURATION:1-4 month	P2.5M
DATE:10/1/1975	1975-10-01
DATE:14/7/1993	1993-07-14
DURATION:2 wk	P2W
DATE:14/10/2064	2064-10-14
DATE:14/5/2063	2063-05-14
DATE:6/3/64	2064-06-03
TIME:26/03/2013 at 17:05	2013-03-26T17:05
TIME:on 06.08.13 at 6.00pm	2013-08-06T18:00
DATE:14.8.2062	2062-08-14
DATE:5/11/64	2064-11-05
DATE:27/5/63	2063-05-27
DATE:6.5.65	2065-05-06
DATE:6/2/2008	2008-06-02
DATE:27/11/2003	2003-11-27
DATE:27.9.62	2062-09-27
DATE:26/9/62	2062-09-26
DURATION:22-23 yr	P22.5Y
TIME:at 1:58pm on 14.11.12	2012-11-14T13:58
DATE:26/12/2064	2064-12-26
DURATION:44-46 mths	P45M
TIME:18/03/2014 at 12:10	2014-03-18T12:10
DATE:3.7.64	2064-07-03
TIME:21/10/2014 at 14:15	2014-10-21T14:15
DATE:15/7/1990	1990-07-15
DATE:11/6/2064	2064-06-11
DATE:18.9.62	2062-09-18
DATE:26.3.63	2063-03-26
TIME:15/03/2013 at 09:22	2013-03-15T09:23
DATE:22/5/64	2064-05-22
DURATION:46-50 day	P48D
TIME:2:15pm on the 25th of September 2013	2013-09-25T14:15
DATE:7.9.2063	2063-09-07
DATE:5/12/1997	1997-12-05
TIME:3:30 on 15.07.13	2013-07-15T03:30
DURATION:25-30 months	P27.5M
DATE:26/10/1983	1983-10-26
DATE:8/10/2063	2063-10-08
TIME:18/02/2014 at 13:49	2014-02-18T13:49
DATE:12/6/63	2063-06-12
DATE:22/10/2064	2064-10-22
DATE:6/1/2063	2063-06-01
TIME:15/04/2013 at 14:48	2013-04-15T14:48
DATE:8/9/64	2064-08-09
DATE:16/11/62	2062-11-16
DATE:2058	2058
TIME:25/05/2012 at 14:07	2012-05-25T14:07
DATE:19/6/2063	2063-06-19
DATE:15/10/64	2064-10-15
DATE:2.9.64	2064-09-02
DATE:13/5/65	2065-05-13
DURATION:15 years	P5Y
DATE:15/8/62	2062-08-15
DURATION:35-37 dy	P36D
TIME:05/06/2012 at 12:07	2012-06-05T12:07
DATE:28/8/64	2064-08-28
DATE:3/8/1981	1981-08-03
DATE:23/4/2018	2018-04-23
DURATION:39-43 week	P41W
DURATION:35-37 day	P36D
TIME:16/07/2013 at 18:22	2013-07-16T18:22
TIME:31/08/2012 at 10:43	2012-08-31T10:43
TIME:11.20am	T11:20
DATE:21/5/1980	1980-05-21
TIME:12.46pm on 29/1/13	2013-01-29T12:46
DURATION:3-7 year	P5Y
DATE:8.11.62	2062-11-08
DATE:15/8/2064	2064-08-15
DATE:23.11.62	2062-11-23
DATE:4.7.2064	2064-07-04
DATE:11/10/2062	2062-10-11
TIME:25/03/2013 at 15:42	2013-03-25T15:42
DATE:29.5.65	2065-05-29
DATE:23/12/2028	2028-12-23
DATE:26/7/1984	1984-07-26
TIME:09/09/2014 at 16:38	2014-09-09T16:38
DATE:5.3.2063	2063-05-03
DATE:7/4/2063	2063-07-04
DATE:15/8/64	2064-08-15
DURATION:19 yr	P19Y
DATE:23/5/63	2063-05-23
TIME:15/07/2014 at 12:05	2014-07-15T12:05
DATE:26/7/1972	1972-07-26
DURATION:30-34 mth	P32M
DATE:10/3/1978	1978-10-03
DATE:25/12/1993	1993-12-25
DATE:20/3/63	2063-03-20
DATE:28/7/2064	2064-07-28
TIME:04/07/2013 at 15:45	2013-07-04T15:45
DATE:13/9/62	2062-09-13
TIME:21/05/2014 at 15:55	2014-05-21T15:55
DURATION:10-14 dy	P12D
DATE:20/4/2063	2063-04-20
TIME:1245Hrs on 27.2.14	2014-02-27T12:45
TIME:10:50am on 10/6/14	2014-06-10T10:50
DATE:3/9/63	2063-09-03
DATE:28/9/2062	2062-09-28
DATE:18/9/63	2063-09-18
DATE:10.11.63	2063-10-11
DURATION:5 weeks	P5W
DATE:22/5/2063	2063-05-22
DATE:26/10/2006	2006-10-26
DATE:28/1/64	2064-01-28
DATE:3.4.64	2064-03-04
DATE:2/6/64	2064-06-02
DATE:11.8.2063	2063-11-08
DATE:6/5/64	2064-06-05
DATE:11.2.63	2063-11-02
TIME:04/12/2013 at 12:00	2013-12-04T12:00
DATE:30/10/64	2064-10-30
DATE:8/7/62	2062-08-07
TIME:10:15am on 22.7.14	2014-07-22T10:15
DATE:3/8/2006	2006-03-08
TIME:at 3.36pm on 0408.13	2013-04-08T15:36
DATE:9/10/2062	2062-10-09
TIME:15/01/2013 at 13:00	2013-01-15T13;00
TIME:23/05/2013 at 10:50	2013-05-23T10:50
DATE:20/8/63	2063-08-20
TIME:01/07/2013 at 09:01	2013-07-01T09:01
DATE:7/5/64	2064-05-07
DATE:13/8/2064	2064-08-13
DURATION:11 yr	P11Y
DATE:8/10/62	2062-08-10
DATE:10.2.62	2062-10-02
DATE:27/1/2064	2064-01-27
DATE:3/10/1986	1986-03-10
DATE:10.8.63	2063-10-08
DATE:15.9.62	2062-09-15
TIME:12/08/2013 at 20:08	2013-08-12T20:08
DATE:1/7/2062	2062-07-01
DATE:21/11/64	2064-11-21
DURATION:31 wks	P31W
DURATION:19-24 yrs	P21.5Y
DATE:26.7.63	2063-07-26
TIME:24/05/2012 at 14:58	2012-05-24T14:58
DATE:14.5.63	2063-05-14
DATE:20/9/2063	2063-09-20
DATE:25/1/1991	1991-01-25
DATE:29/9/2009	2009-09-29
DATE:8/9/1998	1998-09-08
DURATION:34 dy	P34D
DATE:17/6/2064	2064-06-17
DATE:30/4/1981	1981-04-30
DATE:24/6/64	2064-06-24
TIME:21/02/2013 at 09:02	2013-02-21T09:02
DATE:17/5/2033	2033-05-17
DURATION:23yrs	P23Y
DURATION:20 months	P20M
TIME:27/02/2014 at 11:04	2014-02-27T11:04
DURATION:11 year	P11Y
TIME:30/05/2013 at 16:00	2013-05-30T16:00
DURATION:7 week	P7W
TIME:1217Hrson 27.2.14	2014-02-27T12:17
DATE:3 May 2063	2063-05-03
DATE:24/9/64	2064-09-24
DATE:26/12/1997	1997-12-26
DATE:14.8.63	2063-08-14
DATE:18/11/2064	2064-11-18
TIME:25/02/2013 at 08:09	2013-02-25T08:09
DATE:16/11/2006	2006-11-16
DATE:26.9.2064	2064-09-26
DATE:15/4/2065	2065-04-15
DATE:5.5.64	2064-05-05
DATE:5/11/1992	1992-11-05
TIME:20/06/2014 at 10:09	2014-06-20T10:09
DATE:23.10.64	2064-10-23
TIME:at 1.56pm on 6/5/13	2013-05-06T13:56
DATE:10/4/2012	2012-04-10
TIME:10/10/2012 at 14:19	2012-10-10T14:19
DATE:3/2/2015	2015-02-03
DATE:24/1/2003	2003-01-24
TIME:22/06/2012 at 12:44	2012-06-22T12:44
DURATION:21 wk	P21W
DURATION:25-29 dy	P27D
TIME:at 12:24pm on 29/4/13	2013-04-29T12:24
DATE:24/4/1987	1987-04-24
DATE:11.10.64	2064-11-10
TIME:1200 06.09.14	2014-09-06T12:00
DATE:20/9/64	2064-09-20
DATE:24.2.64	2064-02-24
DATE:17/3/2065	2065-03-17
DURATION:39 week	P39W
DATE:23/4/63	2063-04-23
DATE:30/1/2064	2064-01-30
DATE:17.1.62	2062-01-17
DATE:20/9/2062	2062-09-20
DATE:9/9/2039	2039-09-09
TIME:04/12/2013 at 08:34	2013-12-04T08:34
DURATION:44-46 mth	P45M
DATE:6/10/1975	1975-06-10
DURATION:six days	P6D
DATE:8.6.64	2064-08-06
TIME:23/09/2014 at 16:51	2014-09-23T16:51
DATE:18/6/2063	2063-06-18
TIME:on 10/4/14 at 15:50pm	2014-04-10T15:50
DATE:16.8.63	2063-08-16
DATE:23/3/2063	2063-03-23
DURATION:two week	P2W
DATE:14/7/64	2064-07-14
TIME:09/02/2015 at 12:33	2015-02-09T12:33
DATE:6.9.63	2063-09-06
DATE:8/11/1999	1999-11-08
DATE:30/10/2064	2064-10-30
DURATION:20-25 months	P22.5M
DURATION:21-22 wk	P21.5W
DATE:5/5/1991	1991-05-05
DATE:16/1/1991	1991-01-16
DATE:9/7/63	2063-09-07
TIME:15/06/2014 at 15:03	2014-06-15T15:03
DURATION:1 mth	P1M
DATE:13/5/2063	2063-05-13
DURATION:35 dys	P35D
DATE:18.7.64	2064-07-18
TIME:12/12/2012 at 09:20	2012-12-12T09:20
DATE:7/10/2063	2063-10-07
DURATION:three day	P3D
DATE:7/3/2062	2062-07-03
DATE:15.5.63	2063-05-15
DATE:12/4/2003	2003-04-12
DATE:26.5.65	2065-05-26
DATE:28/1/2014	2014-01-28
DURATION:34 day	P34D
DATE:11/8/2000	2000-08-11
DATE:4/9/1983	1983-04-09
DATE:24/2/2030	2030-02-24
DATE:12/2/63	2063-02-12
TIME:18/03/2013 at 18:51	2013-03-18T18:51
DURATION:25-29 day	P27D
DATE:12.9.64	2064-09-12
DATE:16/10/63	2063-10-16
DATE:16/9/1996	1996-09-16
DATE:16/10/2064	2064-10-16
DATE:6/7/2001	2001-07-06
DATE:26/11/1997	1997-11-26
DATE:11/12/2004	2004-11-12
DATE:23/8/2063	2063-08-23
DURATION:25 months	P25M
TIME:on the 16th of October 2013 at 11:25am	2013-10-16T11:25
DATE:15/5/1984	1984-05-15
DATE:20/6/2064	2064-06-20
DATE:10/10/2062	2062-10-10
DATE:11/6/63	2063-11-06
DURATION:37 years	P37Y
DATE:1/7/2012	2012-07-01
DURATION:31 weeks	P31W
TIME:24/06/2014 at 11:10	2014-06-24T11:10
DATE:11/7/63	2063-07-11
DATE:25/7/63	2063-07-25
DATE:19/12/2060	2060-12-19
DATE:18/6/2064	2064-06-18
DURATION:34-39 dy	P36.5D
DATE:5/12/2063	2063-12-05
DATE:11/6/2062	2062-11-06
DURATION:three days	P3D
DURATION:37-38 day	P37.5D
DATE:/5/2065	2065-05
DURATION:11-13 wk	P12W
TIME:3.55pm on 25.06.14	2014-06-25T15:55
DATE:26/12/1986	1986-12-26
DURATION:3 dy	P3D
TIME:18/04/2013 at 18:26	2013-04-18T18:26
DATE:20.5.2063	2063-05-20
DATE:11/12/2063	2063-11-12
DATE:12/10/2002	2002-12-10
DATE:19/8/2017	2017-08-19
DATE:15.4.2063	2063-04-15
DATE:28.8.63	2063-08-28
TIME:01/11/2012 at 09:11	2012-11-01T09:11
TIME:21/5/14 at 1:56pm	2014-05-21T13:56
SET:ten times => R10
TIME:13/12/2012 at 15:26	2012-12-13T15:26
DURATION:39 wks	P39W
DATE:12/9/62	2062-09-12
DATE:10/5/2063	2063-05-10
DATE:2/11/63	2063-02-11
DATE:10/6/64	2064-06-10
TIME:26/06/2012 at 12:01	2012-06-26T12:01
DATE:10.5.62	2062-10-05
DATE:30/12/2033	2033-12-30
DATE:6/2/2063	2063-06-02
DATE:23.10.62	2062-10-23
TIME:10:31am on the 7th of July 2014	2014-07-07T10:31
DATE:26.5.2065	2065-05-26
DATE:9/2/2023	2023-02-09
DATE:15/10/1996	1996-10-15
TIME:10/02/2014 at 11:20	2014-02-10T11:20
DATE:21/11/1986	1986-11-21
DURATION:7-11 wks	P9W
DATE:23/10/2062	2062-10-23
DATE:24/7/62	2062-07-24
DATE:19.8.63	2063-08-19
TIME:23/03/2015 at13:04	2015-03-23T13:04
DATE:8/10/2030	2030-10-08
TIME:21/05/2012 at 09:21	2012-05-21T09:21
DATE:30/1/2062	2062-01-30
DATE:12/12/1990	1990-12-12
DATE:13/3/1998	1998-03-13
TIME:16/06/2014 at 08:54	2014-06-16T08:54
DATE:4/8/2063	2063-08-04
DATE:5/11/2007	2007-05-11
DATE:29.8.62	2062-08-29
DATE:5/6/64	2064-06-05
DATE:21/6/2063	2063-06-21
TIME:08/03/2013 at 21:02	2013-03-08T21:02
DATE:10/9/2064	2064-09-10
DURATION:34-39 day	P36.5D
TIME:03/12/2014 at 17:40	2014-12-03T17:40
DATE:10.10.62	2062-10-10
DURATION:six day	P6D
DATE:1/7/1991	1991-07-01
DURATION:25 month	P25M
DATE:6.8.64	2064-08-06
DATE:15/2/62	2062-02-15
TIME:30/06/2014 at 19:53	2014-06-30T19:53
TIME:18/03/2015 at 09:32	2015-03-18T09:23-
DURATION:46-50 days	P48D
DATE:21/8/2064	2064-08-21
DATE:7/6/2017	2017-06-07
DATE:6/8/2062	2062-08-06
DATE:4.3.63	2063-03-04
DATE:10/6/2013	2013-06-10
DATE:1.7.64	2064-07-01
DURATION:2-3 weeks	P2.5W
TIME:14/08/2014 at 16:33	2014-08-14T16:33
DATE:3.12.63	2063-12-03
DATE:13/2/1997	1997-02-13
DATE:13/3/1988	1988-03-13
DATE:24.7.64	2064-07-24
DATE:24/10/2063	2063-10-24
DATE:6/2/2064	2064-06-02
DATE:23.4.63	2063-04-23
DURATION:48-52 week	P50W
DATE:6/9/1986	1986-06-09
DATE:28.11.63	2063-11-28
DATE:25/11/2064	2064-11-25
DATE:30.10.2063	2063-10-30
TIME:1:50pm on 6/1/14	2014-01-06T13:50
DURATION:34-38 mth	P36M
DATE:28.8.2062	2062-08-28
DURATION:19 days	P19D
DATE:3/12/1989	1989-12-03
DATE:7/1/2062	2062-01-07
DATE:28/5/2006	2006-05-28
TIME:22/05/2013at 11:30	2013-05-22T11:30
TIME:12:54pm on 15/5/14	2014-05-15T12:54
TIME:22/01/2013 at 16:39	2013-01-22T16:39
DATE:28/7/1984	1984-07-28
DURATION:20-25 mths	P22.5M
DATE:22.10.64	2064-10-22
DATE:9/3/64	2064-09-03
DATE:2/2/1972	1972-02-02
TIME:at 15.08 on 25/2/13	2013-02-25T15:08
TIME:23-Sep-13 14:00	2013-09-23
DATE:9.5.64	2064-09-05
DURATION:49-53 month	P51M
DURATION:35-40 wk	P37.5W
DATE:18/7/2062	2062-07-18
TIME:07/08/2013 at 12:28	2013-08-07T12:28
DURATION:35 wks	P35W
DATE:4/6/2035	2035-06-04
DATE:8/5/63	2063-05-08
TIME:2.35pm on 16.04.13	2013-04-16T14:35
SET:seven times => R7
DATE:14/4/63	2063-04-14
TIME:19/12/2013 at 17:05	2013-12-19T17:05
TIME:09/12/2013 at 09:28	2013-12-09T09:28
DATE:12/9/2064	2064-09-12
DATE:13.11.64	2064-11-13
DATE:27/8/2062	2062-08-27
DATE:21/7/2064	2064-07-21
DATE:29/4/2014	2014-04-29
TIME:29/05/2012 at 20:52	2012-05-29T20:52
DATE:5/7/63	2063-05-07
TIME:02/05/2014 at 11:38	2014-05-02T11:38
TIME:10/4/14 at 15:50pm	2014-04-10T15:50
DATE:10/11/62	2062-10-11
DATE:18/6/64	2064-06-18
DURATION:24 yrs	P24Y
DURATION:5-7 weeks	P6W
DATE:17.3.65	2065-03-17
DATE:16/4/2063	2063-04-16
DURATION:22 yrs	P22Y
DATE:1.2.62	2062-01-02
DATE:15.8.64	2064-08-15
DATE:21.1.64	2064-01-21
DURATION:32 week	P32W
DURATION:5 week	P5W
DURATION:31-35 week	P33W
DATE:2/12/1994	1994-12-02
DATE:26/6/1988	1988-06-26
DATE:2/5/1984	1984-02-05
DATE:13/4/63	2063-04-13
TIME:at 2:10pm on 07.08.13	2013-08-07T14:10
DATE:8.5.63	2063-05-08
TIME:25/08/2014 at 17:18	2014-08-25T17:18
DATE:25/2/1999	1999-02-25
TIME:11.25am on the 1/3/13	2013-03-01T11:25
DATE:14/4/1996	1996-04-14
TIME:at 15:00pm on 17.4.14	2014-04-17T15:00
DURATION:25-30 mth	P27.5M
DURATION:37-41 years	P39Y
DURATION:24-29 yr	P26.5Y
TIME:at 0955hr on 4/6/12	2012-06-04T09:55
DATE:30/1/2007	2007-01-30
DATE:6/4/2023	2023-04-06
DATE:23/9/1974	1974-09-23
TIME:1310Hrs	2014-03-20T13:10
DATE:27/11/2064	2064-11-27
TIME:29/07/2014 at 11:30	2014-07-29T11:30
DATE:26.6.64	2064-06-26
SET:twice	R2
DATE:29/1/2062	2062-01-29
TIME:01/07/2014 at 12:25	2014-07-01T12:25
TIME:26/06/2013 at 09:06	2013-06-26T09:06
DATE:11.4.64	2064-11-04
DATE:14/9/2027	2027-09-14
DATE:13/6/2063	2063-06-13
DURATION:37-38 dys	P37.5D
TIME:16/12/2014 at 14:09	2014-12-16T14:09
DATE:12.2.64	2064-12-02
DATE:1/12/62	2062-12-01
DATE:12/3/2019	2019-12-03
TIME:16/09/2014 at 16:42	2014-09-16T16:42
DATE:6/11/64	2064-06-11
DATE:18/3/63	2063-03-18
DATE:1/9/2004	2004-09-01
DURATION:44 mths	P44M
DATE:16/9/2064	2064-09-16
DATE:21.10.2063	2063-10-21
DATE:7.4.2064	2064-07-04
DURATION:2-3 wk	P2.5W
DATE:15.10.64	2064-10-15
DATE:14/6/1996	1996-06-14
DATE:30/1/2000	2000-01-30
DATE:27/8/2005	2005-08-27
TIME:22/08/2014 at 15:52	2014-08-22T15:52
TIME:14/08/2014 at 18:00	2014-08-14T18:00
DATE:26/11/2004	2004-11-26
TIME:15/05/2014 at 08:36	2014-05-15T08:36
DATE:17.7.64	2064-07-17
DATE:10/8/1981	1981-10-08
TIME:at 13:12pm on 26.7.12	2012-07-26T13:12
DATE:12/11/1996	1996-12-11
TIME:08/08/2013 at 08:40	2013-08-08T08:40
DATE:29.1.62	2062-01-29
DATE:29/8/2063	2063-08-29
DATE:30.7.64	2064-07-30
DATE:27.10.64	2064-10-27
DURATION:7-11 weeks	P9W
DATE:26/4/1996	1996-04-26
DATE:24/6/2003	2003-06-24
TIME:25/06/2013 at 18:09	2013-06-25T18:09
DATE:8.8.63	2063-08-08
DATE:5/10/2006	2006-05-10
DATE:14.9.63	2063-09-14
DATE:10.1.62	2062-01-10
DATE:10.1.64	2064-10-01
DURATION:46-50 dys	P48D
DATE:9/5/2063	2063-05-09
DATE:27/1/2011	2011-01-27
DURATION:39 weeks	P39W
DATE:3/3/2011	2011-03-03
DATE:25/1/2020	2020-01-25
DATE:25/8/2064	2064-08-25
DATE:19/4/2064	2064-04-19
DATE:11.3.64	2064-03-11
DATE:19/2/2062	2062-02-19
DATE:5/12/2064	2064-05-12
DATE:3/6/2009	2009-03-06
TIME:10.15am on 11/4/13	2013-04-11T10:15
DATE:11/3/2006	2006-11-03
DATE:10/5/2062	2062-10-05
DATE:17/3/2063	2063-03-17
DATE:19.11.62	2062-11-19
DATE:7/3/1978	1978-07-03
DATE:17/2/2010	2010-02-17
DATE:13.12.63	2063-12-13
DATE:20.2.62	2062-02-20
DATE:17.9.63	2063-09-17
DATE:22/10/2014	2014-10-22
TIME:5.20pm on 20/2/12	2012-02-20T17:20
DATE:9.11.63	2063-09-11
DURATION:25 dys	P25D
DATE:15/8/1984	1984-08-15
DATE:27.5.64	2064-05-27
DATE:23/7/62	2062-07-23
TIME:04/09/2014 at 12:16	2014-09-04T12:16
DATE:7.1.62	2062-07-01
DATE:14.11.64	2064-11-14
DATE:19/6/2064	2064-06-19
TIME:12.00pm on 6/6/13	2013-06-06T12:00
DATE:8/12/64	2064-08-12
DATE:19.9.63	2063-09-19
DATE:14/10/2062	2062-10-14
DATE:7/6/1986	1986-07-06
DATE:23/9/64	2064-09-23
DATE:21.6.63	2063-06-21
DATE:15/6/2040	2040-06-15
TIME:at 11:45am on 16/10/13	2013-10-16T11:45
TIME:25/06/2012 at 09:48	2012-06-25T09:49
DURATION:20-25 mth	P22.5M
TIME:31/07/2013 at 12:07	2013-07-31T12:07
DATE:8.1.64	2064-01-08
DURATION:19-22 dy	P20.5D
DURATION:37 dy	P37D
TIME:10/04/2014 at 14:40	2014-04-10T14:40
DURATION:37-41 year	P39Y
DATE:3/5/1995	1995-03-05
DATE:2.5.63	2063-02-05
DATE:19.7.62	2062-07-19
TIME:27/05/2013 at 09:00	2013-05-27T09:00
TIME:02/09/2014 at 16:45	2014-09-02T16:45
DATE:7/12/1992	1992-12-07
TIME:1.20pm on 23.01.13	2013-01-23T13:20
DATE:20/8/2063	2063-08-20
DURATION:19-24 year	P21.5Y
DATE:24/7/2063	2063-07-24
DURATION:11 years	P11Y
DATE:15/2/2062	2062-02-15
DURATION:2 week	P2W
TIME:10:10hrs on 20/3/14	2014-03-20T10:10
DATE:9/4/2064	2064-09-04
DATE:19.9.64	2064-09-19
DATE:4/12/2064	2064-12-04
DATE:14/10/2063	2063-10-14
DATE:1/3/2064	2064-03-01
DATE:3.1.63	2063-03-01
TIME:03/04/2013 at 11:50	2013-04-03T11:50
TIME:28/01/2014 at 15:03	2014-01-28T15:03
TIME:17/09/2013 at 22:39	2013-09-17T22:39
DATE:28/7/1997	1997-07-28
TIME:15/04/2013 at 18:08	2013-04-15T18:08
DATE:9/10/64	2064-09-10
DATE:27/8/2064	2064-08-27
TIME:1155Hrs	2014-03-20T11:55
DURATION:34 dys	P34D
TIME:06/05/2014 at 17:55	2014-05-06T17:55
DURATION:32 wks	P32W
DATE:3/5/2011	2011-05-03
DATE:6.1.64	2064-06-01
DURATION:11-13 years	P12Y
DATE:26/3/2011	2011-03-26
TIME:08/03/2013 at 15:53	2013-03-08T15:53
DURATION:32 weeks	P32W
DATE:/426/1984	1984-426
DATE:today	2063-08-21
DATE:4/1/2012	2012-01-04
DATE:14/6/1983	1983-06-14
DATE:6/10/64	2064-06-10
DATE:9/10/2064	2064-09-10
DATE:20/4/64	2064-04-20
DATE:29.10.63	2063-10-29
DATE:7/4/2010	2010-07-04
TIME:25/07/2012 at 13:05	2012-07-25T13:05
DATE:8/7/64	2064-07-08
DATE:23/7/2004	2004-07-23
DATE:10.12.62	2062-12-10
DATE:6/12/2064	2064-06-12
DURATION:9-10 weeks	P9.5W
DATE:3/7/2013	2013-07-03
DATE:17/10/2062	2062-10-17
TIME:12/12/2012 at 15:25	2012-12-12T15:25
TIME:14/05/2014 at 11:08	2014-05-14T11:08
TIME:25/03/2013 at 09:40	2013-03-25T09:40
DATE:26.3.2063	2063-03-26
DATE:9/11/63	2063-09-11
DATE:20/6/63	2063-06-20
DATE:4/12/2011	2011-12-04
DATE:16/1/2064	2064-01-16
TIME:05/08/2013 at 14:29	2013-08-05T14:29
DATE:28/4/1975	1975-04-28
DATE:26/12/2011	2011-12-26
DATE:5/6/1995	1995-06-05
DATE:5.8.64	2064-08-05
DURATION:37 year	P37Y
TIME:05/08/2013 at 15:18	2013-08-05T15:18
DATE:17/10/2064	2064-10-17
TIME:9:42am 24.3.15	2015-03-24T09:42
DATE:17/12/1997	1997-12-17
DATE:2.3.63	2063-03-02
DATE:9.12.64	2064-09-12
DATE:10/6/2063	2063-06-10
TIME:11:20am 25.1.13	2013-01-25T11:20
DATE:21.4.64	2064-04-21
DATE:2.11.64	2064-11-02
DATE:29/9/2017	2017-09-29
DATE:11/2/2002	2002-11-02
DATE:27/10/2064	2064-10-27
DATE:9/3/63	2063-09-03
TIME:27/03/2014 at 18:48	2014-03-27T18:48
DATE:28/8/2001	2001-08-28
DURATION:22-23 years	P22.5Y
DATE:29.7.63	2063-07-29
DATE:5/7/2030	2030-05-07
DURATION:34-38 mths	P36M
DATE:10.10.63	2063-10-10
DURATION:35-37 days	P36D
DATE:20.9.63	2063-09-20
DATE:22/7/2064	2064-07-22
DATE:29/4/1996	1996-04-29
TIME:4:15pm on 20.3.14	2014-03-20T16:15
DATE:2045	2045
TIME:17.25 on 30/7/13	2013-07-30T17:25
DATE:12/12/2063	2063-12-12
DATE:18/12/62	2062-12-18
TIME:25/06/2013 at 16:21	2013-06-25T16:21
DURATION:30-34 month	P32M
DATE:1/2/1995	1995-01-02
TIME:05/05/2014 at 19:41	2014-05-05T19:41
TIME:02/07/2014 at 11:58	2014-07-02T11:58
DATE:3.7.63	2063-07-03
TIME:15/04/2014 at 13:25	2014-04-15T13:25
DATE:15/9/62	2062-09-15
DATE:3/10/2063	2063-10-03
DATE:30/7/1975	1975-07-30
DATE:7/5/2033	2033-07-05
DATE:12/6/1998	1998-12-06
TIME:18/03/2013 at 11:22	2013-03-18T11:22
TIME:16/06/2014 at 08:37	2014-06-16T08:37
DURATION:7-11 week	P9W
DATE:2057	2057
TIME:1017Hrs on 16.1.14	2014-01-16T10:17
TIME:15:00pm on 17.4.14	2014-04-17T15:00
DATE:14/4/2064	2064-04-14
DATE:5.9.64	2064-09-05
DATE:12/12/2041	2041-12-12
DATE:7/9/2063	2063-07-09
DATE:13.1.2063	2063-01-13
DATE:18.3.65	2065-03-18
DATE:10/9/2008	2008-10-09
DATE:29/5/2000	2000-05-29
TIME:14/08/2012 at 09:17	2012-08-14T09:17
DURATION:three years	P3Y
DATE:15.7.63	2063-07-15
DATE:3.2.64	2064-03-02
DATE:16/7/2012	2012-07-16
DATE:23/12/2036	2036-12-23
DATE:2/9/1993	1993-09-02
TIME:18/04/2013 at 09:30	2013-04-18T09:30
DURATION:34 month	P34M
TIME:10.06am on 11.2.14	2014-02-11T10:06
DURATION:17 yrs	P17Y
DATE:8/6/2010	2010-08-06
DATE:17/4/63	2063-04-17
DATE:14.1.64	2064-01-14
DATE:2.6.63	2063-02-06
DATE:27 November 2063	2063-11-27
DURATION:32-36 weeks	P34W
DATE:17.5.64	2064-05-17
DATE:14/10/1991	1991-10-14
TIME:28/06/2013 at 16:30	2013-06-28T16:30
DATE:9.1.62	2062-01-09
DURATION:7 wks	P7W
DATE:29/4/1984	1984-04-29
DATE:27.3.63	2063-03-27
DATE:28.5.2064	2064-05-28
TIME:10:30am	T10:30
DURATION:34-38 months	P36M
TIME:11.40am on 11/2/13	2013-02-11T11:40
DATE:3.9.63	2063-09-03
DATE:7.9.63	2063-09-07
DATE:12/1/64	2064-01-12
DURATION:2-3 wks	P2.5W
DATE:24/10/2004	2004-10-24
DATE:2.7.63	2063-07-02
TIME:17/06/2014 at 10:30	2014-06-17T10:30
DATE:10.7.63	2063-10-07
TIME:13/03/2014 at 19:00	2014-03-13T19:00
DATE:15.1.63	2063-01-15
DURATION:18 months	P18M
DURATION:11 weeks	P11W
DATE:21.9.63	2063-09-21
DURATION:30 mth	P30M
DURATION:3-6 day	P4.5D
DATE:19/9/2006	2006-09-19
DATE:7.10.63	2063-10-07
DATE:20/12/2015	2015-12-20
DURATION:46-50 dy	P48D
DURATION:24 year	P24Y
DATE:10/8/2062	2062-10-08
DATE:12.1.64	2064-12-01
DATE:2.11.63	2063-02-11
DATE:4/7/1993	1993-07-04
DATE:7/1/64	2064-07-01
TIME:10.29am on 23.9.14	2014-09-23T10:29
TIME:20/05/2013 at 15:37	2013-05-20T15:37
DURATION:24 yr	P24Y
DATE:5/1/2024	2024-01-05
DATE:9.8.63	2063-08-09
DATE:10/9/63	2063-09-10
DATE:27/9/1998	1998-09-27
DURATION:2 wks	P2W
DATE:9.12.63	2063-09-12
DATE:5.5.2064	2064-05-05
TIME:08/08/2013 at 10:08	2013-08-08T10:08
TIME:20/05/2014 at 14:19	201405-20T14:19
DATE:22/5/2064	2064-05-22
DATE:9/10/2023	2023-09-10
TIME:03/04/2014 at 14:31	2014-04-03T14:31
TIME:01/07/2014 at 13:18	2014-07-01T13:18
DURATION:27-28 yrs	P27.5Y
DATE:12.9.63	2063-09-12
DURATION:3-7 years	P5Y
DATE:24.12.63	2063-12-24
DATE:23/12/63	2063-12-23
DATE:25/7/1992	1992-07-25
DATE:20/2/62	2062-02-20
DATE:5/10/63	2063-05-10
DURATION:39-43 wks	P41W
DATE:4/7/2031	2031-07-04
DATE:20.10.62	2062-10-20
DATE:2/7/63	2063-07-02
DATE:8/6/2064	2064-08-06
DATE:9/12/64	2064-09-12
DATE:14.8.62	2062-08-14
DATE:15.1.62	2062-01-15
DATE:7/4/1969	1969-07-04
DATE:25/3/2063	2063-03-25
TIME:17/12/2013 at 12:10	2013-12-17T12:10
DATE:22/8/2063	2063-08-22
DATE:21/8/1974	1974-08-21
DATE:25/9/63	2063-09-25
DATE:13/9/64	2064-09-13
DURATION:6-11 day	P8.5D
DATE:27.8.63	2063-08-27
DATE:11/10/1995	1995-11-10
DATE:24/3/2064	2064-03-24
DATE:22/10/2015	2015-10-22
DATE:28/6/2064	2064-06-28
DATE:9.7.62	2062-07-09
DATE:3/3/1997	1997-03-03
DURATION:2 weeks	P2W
TIME:20/03/2014 at 10:30	2014-03-20T10:30
DATE:19/3/2001	2001-03-19
DATE:4.8.65	2065-04-08
DATE:16/8/2063	2063-08-16
DATE:5/7/1977	1977-07-05
TIME:13/02/2014 at 10:30	2014-02-13T10:30
DATE:4/5/2000	2000-04-05
DURATION:19-24 years	P21.5Y
DATE:27/12/1977	1977-12-27
DATE:21.5.63	2063-05-21
TIME:7/1/13 at 10.35am	2013-01-07T10:35
DATE:19/10/1998	1998-10-19
DATE:4/10/1997	1997-04-10
DURATION:31 wk	P31W
DATE:12/11/2064	2064-11-12
DATE:25/7/62	2062-07-25
DATE:16/5/64	2064-05-16
DATE:23/6/2015	2015-06-23
DATE:7.4.65	2065-04-07
DATE:23/1/2027	2027-01-23
DATE:12/10/2007	2007-12-10
TIME:14.25 on 3.06.14	2014-06-03T14:25
DATE:8/7/1997	1997-08-07
DATE:13/6/63	2063-06-13
DATE:3/11/1982	1982-11-03
TIME:10:20am on 30.11.12	2012-11-30T10:20
DATE:18/10/2010	2010-10-18
TIME:06/11/2012 at 11:19	2012-11-06T11:19
DATE:13.6.63	2063-06-13
DATE:27/11/62	2062-11-27
DATE:27/9/2063	2063-09-27
DATE:19/2/62	2062-02-19
TIME:12.50 on 27.05.13	2013-05-27T12:50
DATE:10/12/2062	2062-10-12
DATE:25/1/1977	1977-01-25
DURATION:3-6 dy	P4.5D
DATE:7/11/1990	1990-11-07
DATE:11.5.62	2062-11-05
DATE:9/4/62	2062-09-04
DATE:30/3/2016	2016-03-30
DATE:22/8/64	2064-08-22
DATE:3/9/2063	2063-03-09
DURATION:48 wks	P48W
DATE:7.3.64	2064-07-03
DATE:7/11/2063	2063-11-07
TIME:18/09/2014 at 16:42	2014-09-18T16:42
DATE:2.9.63	2063-09-02
DATE:13/2/63	2063-02-13
DATE:3/3/2008	2008-03-03
DATE:10/11/2063	2063-10-11
TIME:07/05/2014 at 11:30	2014-05-07T11:30
DATE:2043	2043
DATE:17/12/1993	1993-12-17
TIME:08/02/2013 at 16:03	2013-02-08T16:03
DATE:7/5/2063	2063-05-07
DURATION:5-7 wks	P6W
TIME:16:00 on 6.11.14	2014-11-06T16:00
DATE:15/1/62	2062-01-15
DURATION:49-53 mth	P51M
DATE:8/8/63	2063-08-08
DATE:6/6/1998	1998-06-06
DATE:1.7.62	2062-07-01
TIME:23/12/2013 at08:36	2013-12-23T08:36
TIME:16th of October 2013 at 11:25am	2013-10-16T11:25
TIME:4.35pm	T16:35
TIME:06/11/2012 at 11:31	2012-11-06T11:31
DURATION:11-13 wks	P12W
DATE:24/10/2062	2062-10-24
DATE:14/12/1997	1997-12-14
DURATION:30 month	P30M
DURATION:1-4 mth	P2.5M
DATE:1.3.63	2063-03-01
DURATION:19 day	P19D
DATE:29/7/63	2063-07-29
DATE:16/1/2062	2062-01-16
DATE:5.9.63	2063-09-05
DURATION:3 week	P3W
TIME:at 1.19pm on 4/3/13	2013-03-04T13:19
DATE:18/11/1996	1996-11-18
TIME:16/09/2014 at 11:20	2014-09-16T11:20
DATE:6.12.62	2062-12-06
DATE:16.10.62	2062-10-16
DATE:24.6.63	2063-06-24
